563.649169921875 181.48255920410156 622.729248046875 229.1984100341797 21.20
48.258968353271484 186.9708251953125 435.8462219238281 371.7386779785156 6.92
351.82403564453125 194.44778442382812 489.2631530761719 302.1817321777344 9.66
350.2344234 180.24234234 460.22423 229.1232342 23.4575663565600087874615
381.7646789550781 178.03079223632812 480.77978515625 218.0317840576172 27.19
425.2342 187.234234 491.2343 218.2342423 34.45745291957630448
453.476318359375 176.60247802734375 496.3065185546875 208.970458984375 33.57
523.1445922851562 181.25643920898438 565.8833618164062 211.4995574951172 30.98
462.3442323 176.24223 529.24242 209.234241312 48.3454343242340914297441
778.2821044921875 181.89328002929688 1070.7857666015625 373.2255859375 6.69
647.8545532226562 181.7407989501953 703.9850463867188 224.22735595703125 23.33
102.16708374023438 185.2587432861328 213.72433471679688 229.39784240722656 24.89
582.23047379 179.28428 619.287482734 213.239848 37.239849820362242272