542.9542236328125 184.29515075683594 590.8323974609375 221.21929931640625 24.71
0.9225786328315735 248.7320098876953 348.6805419921875 372.74688720703125 3.123423
0.3298 188.39847 223.23942 364.23942 11.3947826557887354
271.5686950683594 188.03416442871094 396.49029541015625 238.71920776367188 19.42
370.6098327636719 181.499755859375 449.698486328125 232.85585021972656 20.65
431.9311218261719 180.03822326660156 504.85650634765625 228.2613983154297 21.96
437.27337646484375 183.79183959960938 504.646484375 216.5987091064453 27.76
683.6056518554688 186.0459747314453 816.7019653320312 283.8385925292969 11.05
306.75616455078125 189.52615356445312 395.5211486816406 238.14842224121094 19.44
644.84814453125 183.98316955566406 696.4861450195312 235.8380889892578 19.04
185.9345703125 186.2051544189453 271.88592529296875 225.72288513183594 25.51
560.5464644 180.23523513 604.32525 218.234323424 37.34434322346330442